0.542910447761194
0.4962686567164179
0.4664179104477612
0.5093283582089553
0.5503731343283582
0.5130597014925373
0.5708955223880597
0.5279850746268657
0.7667910447761194
0.7425373134328358
0.7835820895522388
0.7742537313432836
0.7761194029850746
0.7798507462686567
0.7873134328358209
0.7705223880597015
0.7686567164179104
0.7667910447761194
0.7817164179104478
0.7966417910447762
0.7873134328358209
0.7873134328358209
0.7798507462686567
0.7481343283582089
0.6958955223880597
0.7910447761194029
0.8097014925373134
0.8041044776119403
0.7854477611940298
0.7835820895522388
0.7947761194029851
0.7742537313432836
0.7723880597014925
0.7985074626865671
0.789179104477612
0.7947761194029851
0.7835820895522388
0.7966417910447762
0.7947761194029851
0.7966417910447762
0.7779850746268657
0.8003731343283582
0.7966417910447762
0.7910447761194029
0.8003731343283582
0.8003731343283582
0.8097014925373134
0.8078358208955224
0.7947761194029851
0.8022388059701493
