3.132735171355307
2.5085836758371443
2.246944104321301
2.111453462857753
2.0137184825725853
1.9400739814154804
1.8227219784166664
1.7298161063808948
62691.48628234863
51784.815116882324
51438.9299621582
51501.555015563965
54205.41605377197
57955.94342803955
64163.27188873291
71296.31964111328
70393.37826538086
70072.8840713501
69455.5682296753
68269.39289855957
67994.26850128174
67540.02046203613
67445.29703521729
67118.5429611206
66699.86730957031
66207.57911682129
66035.45672607422
66228.08026885986
65534.14646911621
65056.73890686035
64751.42655181885
64746.87520599365
64672.07207489014
64435.48881530762
64372.42357635498
64155.3313369751
64099.15690612793
63886.553482055664
64023.019622802734
63535.87790679932
63696.974609375
63418.54768371582
63220.882499694824
63338.458000183105
62840.98257446289
62645.81787109375
62461.65383911133
62687.33339691162
62290.8274307251
62266.3850402832
